310 253 401 250 402 275 311 279 PHÓ MỎ
185 278 519 272 520 302 185 308 Tổ 7 khu Tân Lập 4 - P.Cẩm Thủy
226 305 488 300 488 326 226 332 Tp. Cẩm Phả - Quảng Ninh
268 331 442 330 442 352 268 354 ĐT: 0858.931.931
268 369 442 367 442 388 268 390 HÓA ĐƠN BÁN HÀNG
234 392 479 389 480 410 234 413 Số HD110820-0050 - Bàn: B.24
280 415 433 415 433 432 280 432 11/08/2020 22 07
184 450 266 450 266 466 184 466 Khách hàng
183 474 218 474 218 487 183 487 SĐT:
183 496 232 496 232 511 183 511 Địa chỉ:
380 540 400 540 400 558 380 558 SL
447 540 528 538 529 557 447 558 Thành tiền
182 544 242 544 242 562 182 562 Đơn giá
182 571 248 569 248 587 182 588 Trà quất
478 593 530 593 530 609 478 609 20.000
184 596 230 596 230 611 184 611 10,000
298 659 298 636 418 638 418 660 Cộng tiền hàng:
482 640 532 640 532 657 482 657 20,000
331 685 331 665 419 667 419 687 Chiết khấu:
330 715 330 696 419 698 419 717 Tổng cộng:
482 698 535 698 535 716 482 716 20,000
302 743 302 723 417 725 417 744 Tiền khách đưa:
481 744 482 728 535 729 535 745 20,000
343 753 417 753 417 773 343 773 Tiền thừa
175 801 175 778 365 781 365 804 Hai mươi nghìn đồng chẫn
267 853 268 829 443 837 442 860 Cảm on và hẹn gặp lạil
261 880 262 859 447 863 447 884 Powered by POS365 VN