178 329 187 298 443 372 434 402 403 PHAN FIFFEEH
186 355 193 333 417 399 411 421 TRONG PHANH VICH PHI HOUS
124 394 129 371 457 451 451 473 Thi thu nghi thong tho nghi thi thi thi thi thi thu thu thu thu thu thu thi thi thi thi thu thu thu thu thu thu thu thu thi thi t
250 399 252 381 275 383 273 401 Số:
118 407 122 386 233 410 228 431 Ngày ngày ngàn thung ngàn thua và 2012
319 422 326 401 342 407 335 427 3
117 427 120 408 230 430 226 449 001191000119
115 436 133 436 133 452 115 452 TT
161 463 166 448 218 464 214 479 vence
110 479 114 460 240 488 236 508 Canh Minh Thinh Thinh Thinh
259 494 261 478 276 479 275 496 SL
123 496 126 479 161 484 158 501 Cay)
303 506 307 489 342 497 338 514 Đ.Giá
107 511 110 494 208 512 205 529 031000001011
114 525 118 507 154 515 150 533 (Vua)
398 534 402 518 441 528 437 543 0010000001001
292 534 296 519 338 529 334 545 001000000100
112 544 116 528 184 547 180 563 unanheses
248 541 258 541 258 555 248 555 1
387 564 390 546 434 554 431 571 29000
285 566 288 551 328 559 325 574 INTERTING
104 566 109 548 177 567 172 584 conterplamation
99 591 102 565 189 577 186 603 Thánh Trần
377 593 381 577 424 585 421 602 35000
97 604 101 585 202 605 199 625 001000000101
94 610 99 596 161 615 157 630 trung thường thường thi thu nha
364 619 367 603 415 615 411 631 CONTRATIONALIST
94 627 99 611 185 634 181 650 001000001195
363 641 366 625 409 634 406 650 INTERTING
352 660 355 642 403 651 400 669 49000
349 678 350 662 397 666 396 681 64000
348 692 351 677 392 684 390 699 15000
346 702 350 689 388 701 384 714 SOCK
